# stochastic hunter-prey simulation
# t x y name
0 -87.8942 -14.6517 food
0 0 0 hunter
1 -87.2301 -15.5329 food
2 -1.08562 -1.1511 hunter
3 -88.1058 -16.3371 food
4 -0.390038 -2.67696 hunter
5 -88.9286 -17.128 food
6 -2.83016 -3.29305 hunter
7 -3.20459 -2.753 hunter
8 -89.7612 -17.0966 food
9 -90.3796 -18.5599 food
10 -2.53613 -2.52409 hunter
11 -90.2089 -20.3425 food
12 -90.7635 -20.9828 food
13 -90.9365 -20.6184 food
14 -3.19841 -3.02763 hunter
15 -90.5563 -19.0068 food
16 -3.60618 -4.54306 hunter
17 -89.2589 -20.4162 food
18 -3.2362 -6.01941 hunter
19 -89.6496 -20.9142 food
20 -90.3928 -19.723 food
21 -90.5619 -18.1541 food
22 -89.518 -18.0261 food
23 -90.6727 -17.3537 food
24 -6.03396 -6.56376 hunter
25 -7.5655 -5.41096 hunter
26 -8.74959 -6.08458 hunter
27 -9.90553 -7.80151 hunter
28 -10.0612 -6.77115 hunter
29 -91.6821 -17.6056 food
30 -92.8814 -17.419 food
31 -11.1747 -7.12398 hunter
32 -12.2463 -8.97805 hunter
33 -13.0993 -9.00996 hunter
34 -91.5208 -17.5593 food
35 -12.9058 -9.79081 hunter
36 -15.1328 -9.43608 hunter
37 -16.6362 -8.19509 hunter
38 -91.2772 -17.9027 food
39 -91.3442 -17.8708 food
40 -92.9008 -18.3627 food
41 -19.6912 -8.71175 hunter
42 -19.5331 -7.63301 hunter
43 -94.4836 -19.5847 food
44 -94.1401 -20.5419 food
45 -93.178 -22.1923 food
46 -92.367 -23.3106 food
47 -92.4666 -23.0741 food
48 -18.1072 -7.85943 hunter
49 -92.1204 -22.7144 food
50 -18.3929 -8.24069 hunter
51 -91.8919 -23.2251 food
52 -93.3226 -23.7335 food
53 -92.0556 -23.6206 food
54 -91.1804 -24.9485 food
55 -21.2932 -8.14808 hunter
56 -23.1113 -8.71308 hunter
57 -92.423 -26.8218 food
58 -92.7508 -25.9747 food
59 -90.6998 -27.116 food
60 -91.429 -25.4782 food
61 -24.5352 -8.95848 hunter
62 -25.8101 -8.8105 hunter
63 -92.1028 -25.1063 food
64 -27.634 -6.7034 hunter
65 -92.1269 -23.3868 food
66 -27.9714 -8.22391 hunter
67 -93.8357 -21.6869 food
68 -28.3125 -8.82881 hunter
69 -30.068 -10.0455 hunter
70 -94.9498 -23.0331 food
71 -29.8044 -9.72457 hunter
72 -31.8482 -9.72532 hunter
73 -32.9446 -11.2037 hunter
74 -94.5893 -22.0039 food
75 -93.9663 -19.7763 food
76 -34.0787 -12.1441 hunter
77 -93.0459 -19.7574 food
78 -92.8205 -19.7184 food
79 -92.4746 -19.2957 food
80 -36.2662 -12.5855 hunter
81 -36.0984 -13.8694 hunter
82 -36.9038 -11.2776 hunter
83 -92.2502 -20.2666 food
84 -37.3962 -10.891 hunter
85 -91.47 -19.1534 food
86 -36.5729 -10.5036 hunter
87 -92.4076 -20.3624 food
88 -93.7816 -20.5992 food
89 -93.2961 -21.2344 food
90 -35.4679 -11.005 hunter
91 -35.9191 -12.6429 hunter
92 -35.7853 -12.7813 hunter
93 -92.875 -22.4028 food
94 -35.4203 -14.2705 hunter
95 -94.2605 -23.104 food
96 -35.8744 -13.8611 hunter
97 -95.3085 -21.9426 food
98 -37.4222 -14.1632 hunter
99 -94.6361 -24.5356 food
100 -37.4516 -14.5439 hunter
101 -39.0573 -15.6908 hunter
102 -96.1533 -25.3913 food
103 -96.6945 -26.2173 food
104 -40.102 -15.7321 hunter
105 -95.5288 -25.8529 food
106 -94.136 -26.7797 food
107 -93.898 -25.6192 food
108 -93.7769 -25.9399 food
109 -40.312 -16.2555 hunter
110 -41.948 -16.1869 hunter
111 -94.9032 -26.62 food
112 -43.5593 -17.4422 hunter
113 -94.6565 -26.9332 food
114 -43.6677 -15.0548 hunter
115 -95.3747 -27.5148 food
116 -94.2788 -26.3711 food
117 -94.8246 -25.8175 food
118 -93.2552 -24.4407 food
119 -91.6457 -23.8982 food
120 -44.8478 -16.6433 hunter
121 -46.7549 -14.977 hunter
122 -92.0585 -24.6233 food
123 -91.6327 -24.9219 food
124 -48.2555 -14.4108 hunter
125 -91.0871 -26.2904 food
126 -48.1276 -13.1672 hunter
127 -90.4738 -27.3609 food
128 -48.6025 -14.7894 hunter
129 -49.3784 -15.2465 hunter
130 -90.624 -27.0005 food
131 -92.2353 -26.823 food
132 -49.8335 -15.4761 hunter
133 -92.2551 -28.4609 food
134 -91.4817 -26.6623 food
135 -91.1921 -25.3023 food
136 -90.0156 -26.7961 food
137 -90.2604 -26.0245 food
138 -90.5993 -26.8724 food
139 -91.1365 -27.1498 food
140 -49.6518 -16.6621 hunter
141 -91.3546 -27.1001 food
142 -50.6228 -16.695 hunter
143 -52.5033 -17.3898 hunter
144 -92.6557 -28.3429 food
145 -53.5554 -18.2302 hunter
146 -53.3654 -17.73 hunter
147 -54.6757 -19.0548 hunter
148 -93.3462 -28.5585 food
149 -55.1064 -17.9055 hunter
150 -54.8032 -19.0821 hunter
151 -56.0182 -21.0903 hunter
152 -56.4718 -21.1035 hunter
153 -92.6014 -28.8166 food
154 -92.5228 -28.612 food
155 -92.2447 -28.8575 food
156 -92.9441 -29.0223 food
157 -92.4794 -31.5213 food
158 -57.5766 -21.1826 hunter
159 -92.3317 -30.8602 food
160 -57.9811 -20.0588 hunter
161 -59.8316 -20.4255 hunter
162 -92.2609 -32.0853 food
163 -62.3055 -20.8959 hunter
164 -90.0929 -31.7329 food
165 -63.1753 -21.4128 hunter
166 -90.1577 -32.2714 food
167 -61.3776 -21.6242 hunter
168 -90.7475 -31.1909 food
169 -62.951 -22.5675 hunter
170 -63.842 -21.4482 hunter
171 -90.8086 -31.9157 food
172 -91.5503 -29.6966 food
173 -91.4328 -28.7538 food
174 -66.9829 -21.3443 hunter
175 -67.8406 -19.1515 hunter
176 -91.8926 -28.0336 food
177 -91.9497 -29.0926 food
178 -68.7132 -19.0701 hunter
179 -91.7739 -29.6652 food
180 -91.6149 -30.844 food
181 -92.1468 -32.382 food
182 -69.7584 -20.6961 hunter
183 -71.3274 -20.2269 hunter
184 -91.7526 -32.6126 food
185 -91.9699 -33.0338 food
186 -92.1824 -33.4155 food
187 -93.5129 -32.9537 food
188 -92.2622 -33.4551 food
189 -90.57 -33.1224 food
190 -89.4689 -32.4049 food
191 -89.1033 -32.8734 food
192 -71.2359 -20.739 hunter
193 -88.5397 -32.1288 food
194 -71.247 -22.0037 hunter
195 -89.2312 -33.3707 food
196 -86.6582 -33.0998 food
197 -87.3045 -32.7279 food
198 -88.2412 -33.4103 food
199 -88.3079 -33.5014 food
200 -87.8456 -34.1096 food
201 -88.824 -33.041 food
202 -89.4865 -32.2414 food
203 -70.2027 -20.3341 hunter
204 -89.1169 -31.6642 food
205 -70.9458 -20.5584 hunter
206 -72.2192 -21.235 hunter
207 -91.5484 -32.2644 food
208 -73.4729 -20.733 hunter
209 -92.1313 -31.4138 food
210 -74.2199 -20.5737 hunter
211 -91.6844 -32.1962 food
212 -74.3907 -21.2413 hunter
213 -74.7557 -21.0595 hunter
214 -76.208 -21.7101 hunter
215 -77.0068 -21.4859 hunter
216 -90.6525 -30.3057 food
217 -89.2219 -29.8153 food
218 -89.5505 -29.8812 food
219 -90.407 -29.7793 food
220 -77.5655 -21.8324 hunter
221 -75.0057 -21.3559 hunter
222 -75.1834 -22.0485 hunter
223 -92.5177 -31.6867 food
224 -92.2334 -33.2622 food
225 -92.3243 -34.5028 food
226 -75.3536 -22.7593 hunter
227 -92.3516 -33.4311 food
228 -76.269 -23.5707 hunter
229 -78.2294 -25.3579 hunter
230 -93.6364 -32.0989 food
231 -94.0624 -30.8249 food
232 -93.8753 -30.4998 food
233 -79.8738 -27.229 hunter
234 -80.4343 -28.5593 hunter
235 -93.9314 -31.6078 food
236 -81.5822 -28.5195 hunter
237 -83.3967 -28.5092 hunter
238 -83.7721 -26.9935 hunter
239 -85.6194 -25.3672 hunter
240 -92.1368 -31.0163 food
241 -92.485 -32.3587 food
242 -87.4395 -24.0844 hunter
243 -93.4571 -32.0999 food
244 -94.7403 -31.5736 food
245 -96.5685 -30.029 food
246 -96.4961 -30.2365 food
247 -96.4175 -31.2904 food
248 -94.4243 -30.7159 food
249 -94.1587 -31.3129 food
250 -87.7417 -24.134 hunter
251 -95.536 -30.2993 food
252 -97.5002 -30.439 food
253 -97.5234 -30.1136 food
254 -97.2587 -30.4583 food
255 -89.8426 -24.0677 hunter
256 -90.8166 -24.3771 hunter
257 -90.8184 -25.354 hunter
258 -97.4721 -30.2154 food
259 -96.4712 -30.2224 food
260 -97.0376 -30.0251 food
261 -97.7425 -30.3424 food
262 -91.0514 -25.9558 hunter
263 -97.5044 -31.3351 food
264 -91.583 -26.5306 hunter
265 -90.6758 -26.3843 hunter
266 -98.0911 -31.8105 food
267 -98.5586 -30.2827 food
268 -90.861 -27.0851 hunter
269 -92.3795 -27.4423 hunter
270 -92.4173 -27.8186 hunter
271 -92.5991 -29.3812 hunter
272 -93.3576 -27.5332 hunter
273 -93.6936 -28.8595 hunter
274 -96.8534 -31.7805 food
275 -95.8645 -33.4117 food
276 -93.0881 -29.7384 hunter
277 -94.6989 -33.5265 food
278 -93.6698 -34.7967 food
279 -95.4564 -34.1099 food
280 -91.2738 -30.9376 hunter
281 -92.2273 -30.9165 hunter
282 -91.7962 -29.9883 hunter
283 -91.726 -30.1301 hunter
284 -95.2508 -33.8209 food
285 -91.0911 -31.1825 hunter
286 -92.1197 -33.1403 hunter
287 -95.6563 -33.3441 food
288 -96.5017 -32.75 food
289 -97.5042 -34.2312 food
290 -92.6855 -33.0175 hunter
291 -97.7612 -34.2898 food
292 -98.9862 -34.8632 food
293 -98.3878 -34.9559 food
294 -99.3216 -35.5262 food
295 -99.2195 -35.9612 food
296 -92.5698 -34.2658 hunter
297 -92.365 -35.4938 hunter
298 -98.6075 -36.1264 food
299 -91.8605 -34.8633 hunter
300 -91.9243 -34.7427 hunter
301 -98.7613 -34.0767 food
302 -97.5957 -32.9499 food
303 -91.1184 -34.9701 hunter
304 -97.8532 -34.404 food
305 -96.7963 -32.5796 food
306 -95.2032 -34.8484 food
307 -94.47 -34.7062 food
308 -94.2221 -34.9056 food
309 -94.5311 -35.0666 food
310 -94.8776 -36.5361 food
311 -93.8918 -35.1852 food
312 -95.6032 -34.0378 food
313 -91.4519 -36.4914 hunter
314 -94.7114 -34.2212 food
315 -94.867 -34.5182 food
316 -96.0226 -33.8083 food
317 -92.3135 -35.8487 hunter
318 -96.7085 -33.3633 food
319 -96.7152 -33.0548 food
320 -93.1513 -35.7824 hunter
321 -97.0258 -32.3545 food
322 -97.8646 -33.8673 food
323 -97.9017 -33.2984 food
324 -98.4732 -33.9569 food
325 -92.1085 -37.3573 hunter
326 -98.0778 -32.7569 food
327 -96.0469 -34.6842 food
328 -93.8708 -38.7094 hunter
329 -93.6344 -34.7501 food
330 -92.447 -34.5679 food
331 -93.1348 -32.4286 food
332 -92.6658 -39.9486 hunter
333 -91.5474 -32.425 food
334 -93.9748 -38.9883 hunter
335 -91.3004 -30.8374 food
336 -95.0498 -39.7286 hunter
337 -93.4109 -31.2612 food
338 -92.8426 -30.8568 food
339 -93.8693 -40.9032 hunter
340 -94.7616 -39.531 hunter
341 -94.8489 -38.2971 hunter
342 -93.1364 -31.5773 food
343 -94.2978 -31.1696 food
344 -95.4602 -37.6456 hunter
345 -96.5907 -32.2414 food
346 -94.7989 -37.78 hunter
347 -95.1842 -32.2765 food
348 -94.8216 -31.235 food
349 -94.8663 -31.004 food
350 -95.5568 -37.2232 hunter
351 -95.2607 -31.4756 food
352 -95.39 -37.4887 hunter
353 -95.9377 -32.2059 food
354 -96.9709 -38.6949 hunter
355 -95.7416 -39.4772 hunter
356 -94.388 -38.4514 hunter
357 -95.8142 -30.17 food
358 -95.4059 -37.2827 hunter
359 -93.4582 -37.5916 hunter
360 -95.081 -31.554 food
361 -94.5311 -31.1243 food
362 -93.0164 -38.4175 hunter
363 -93.0896 -38.1909 hunter
364 -93.6151 -30.2168 food
365 -91.8193 -29.8925 food
366 -92.9786 -29.074 food
367 -93.5053 -38.0127 hunter
368 -92.6322 -28.6193 food
369 -93.7342 -28.6451 food
370 -93.4708 -38.6302 hunter
371 -92.8642 -26.6922 food
372 -94.0986 -38.8086 hunter
373 -93.3942 -26.6442 food
374 -93.109 -24.9816 food
375 -93.4833 -24.6777 food
376 -92.7953 -25.2854 food
377 -93.521 -26.4068 food
378 -93.6425 -26.3121 food
379 -94.2484 -25.6676 food
380 -93.7233 -38.0187 hunter
381 -94.8939 -26.2867 food
382 -93.7373 -41.4327 hunter
383 -93.2069 -41.6137 hunter
384 -95.207 -26.329 food
385 -91.9434 -40.6477 hunter
386 -94.6071 -26.2778 food
387 -93.8387 -25.0074 food
388 -95.9663 -23.2758 food
389 -93.0977 -38.6685 hunter
390 -95.3127 -23.9153 food
391 -95.1487 -23.2864 food
392 -95.5015 -23.2935 food
393 -91.1674 -38.6944 hunter
394 -91.0777 -40.2086 hunter
395 -96.5691 -24.5268 food
396 -90.8525 -39.3974 hunter
397 -90.0714 -37.2015 hunter
398 -96.6027 -24.0132 food
399 -96.7718 -25.0627 food
400 -88.6547 -37.4935 hunter
401 -87.8557 -38.3839 hunter
402 -96.3548 -24.7982 food
403 -95.3676 -24.5202 food
404 -89.0358 -38.8332 hunter
405 -94.53 -26.417 food
406 -95.0047 -23.9924 food
407 -94.872 -23.4095 food
408 -94.3426 -23.2017 food
409 -93.8029 -21.4965 food
410 -87.7411 -38.33 hunter
411 -93.6029 -19.7457 food
412 -88.5301 -37.8433 hunter
413 -94.5238 -19.1976 food
414 -93.826 -17.752 food
415 -89.6745 -36.924 hunter
416 -87.9063 -37.4385 hunter
417 -93.1951 -19.342 food
418 -91.6948 -19.0179 food
419 -90.8615 -19.7107 food
420 -90.7033 -18.4479 food
421 -90.7034 -18.6163 food
422 -93.6154 -19.3176 food
423 -86.9092 -37.8836 hunter
424 -94.634 -18.7659 food
425 -88.8592 -37.8924 hunter
426 -93.317 -16.9936 food
427 -91.8726 -18.7242 food
428 -92.633 -18.2095 food
429 -90.7628 -17.7945 food
430 -89.5078 -17.9792 food
431 -89.724 -19.5434 food
432 -89.274 -17.3567 food
433 -89.1864 -36.561 hunter
434 -91.5248 -15.7596 food
435 -92.2167 -16.4023 food
436 -89.491 -36.7594 hunter
437 -89.0691 -36.1712 hunter
438 -90.5989 -15.273 food
439 -88.5846 -35.0003 hunter
440 -91.4769 -14.2459 food
441 -90.5838 -15.135 food
442 -90.9188 -14.048 food
443 -92.7977 -12.7564 food
444 -92.4479 -12.9491 food
445 -91.4337 -13.8964 food
446 -90.868 -14.7566 food
447 -91.6972 -15.7101 food
448 -92.7214 -14.382 food
449 -88.8681 -33.3209 hunter
450 -92.8632 -14.6852 food
451 -87.5361 -33.1148 hunter
452 -93.6198 -13.5888 food
453 -91.9274 -13.8139 food
454 -93.0201 -12.7387 food
455 -87.1802 -32.2735 hunter
456 -87.0224 -31.9183 hunter
457 -93.1714 -16.1801 food
458 -92.519 -16.8854 food
459 -86.9501 -31.5295 hunter
460 -93.3163 -17.155 food
461 -88.5219 -32.8044 hunter
462 -92.7716 -16.9342 food
463 -91.2801 -32.2673 hunter
464 -90.48 -17.9107 food
465 -90.9843 -17.799 food
466 -90.4339 -19.4861 food
467 -89.3545 -18.6077 food
468 -88.1379 -20.4197 food
469 -88.4651 -21.8161 food
470 -87.1468 -21.3511 food
471 -87.0539 -21.0754 food
472 -85.7167 -22.0284 food
473 -90.0551 -30.2067 hunter
474 -90.8474 -29.0974 hunter
475 -89.5776 -28.7548 hunter
476 -85.6826 -22.8814 food
477 -85.1098 -22.4345 food
478 -85.6968 -23.6051 food
479 -86.6214 -23.4783 food
480 -86.3876 -23.4791 food
481 -87.0909 -24.2678 food
482 -87.3579 -23.5159 food
483 -89.8947 -29.9641 hunter
484 -90.2232 -30.524 hunter
485 -91.296 -31.3258 hunter
486 -87.8928 -22.2177 food
487 -88.184 -21.6193 food
488 -87.3083 -21.2665 food
489 -90.8194 -31.3619 hunter
490 -85.8739 -21.0766 food
491 -83.2481 -21.2111 food
492 -90.857 -31.043 hunter
493 -82.9437 -20.068 food
494 -83.2323 -20.303 food
495 -85.0031 -21.9333 food
496 -92.4222 -32.0748 hunter
497 -91.5071 -31.1656 hunter
498 -84.2853 -23.1795 food
499 -83.2218 -24.2965 food
500 -81.7644 -23.4066 food
501 -81.6013 -21.5795 food
502 -81.6844 -22.7394 food
503 -81.8869 -22.5639 food
504 -92.9453 -30.0517 hunter
505 -81.8781 -22.3203 food
506 -92.6133 -27.1945 hunter
507 -80.1587 -23.3365 food
508 -79.8077 -23.5352 food
509 -91.9107 -27.7485 hunter
510 -78.8256 -22.73 food
511 -90.0061 -29.9882 hunter
512 -90.554 -28.9922 hunter
513 -90.288 -30.0473 hunter
514 -90.8755 -31.4931 hunter
515 -77.7531 -21.2211 food
516 -75.7821 -22.2698 food
517 -78.2797 -22.676 food
518 -90.8174 -31.3366 hunter
519 -89.1766 -31.2342 hunter
520 -89.1273 -30.0272 hunter
521 -78.9185 -22.8586 food
522 -79.5823 -24.1079 food
523 -80.365 -23.1237 food
524 -80.57 -22.6391 food
525 -79.8327 -22.1671 food
526 -78.15 -23.272 food
527 -80.4532 -22.677 food
528 -80.1037 -20.4688 food
529 -78.2165 -22.2407 food
530 -79.0982 -21.4455 food
531 -79.6839 -22.6276 food
532 -87.6883 -29.6755 hunter
533 -81.3899 -22.6181 food
534 -86.7695 -29.5018 hunter
535 -86.4327 -30.4085 hunter
536 -85.7421 -29.3075 hunter
537 -80.4998 -22.6097 food
538 -79.1921 -22.2532 food
539 -78.3375 -22.5592 food
540 -77.4904 -21.6785 food
541 -76.7037 -20.4012 food
542 -85.1725 -30.6932 hunter
543 -77.9039 -21.8594 food
544 -78.2299 -22.3066 food
545 -84.7854 -32.4486 hunter
546 -85.0859 -33.1472 hunter
547 -78.5918 -24.2057 food
548 -77.8521 -23.2269 food
549 -79.4539 -23.3478 food
550 -79.9595 -21.2992 food
551 -79.9956 -19.9635 food
552 -80.1546 -20.8318 food
553 -85.4201 -31.5572 hunter
554 -78.816 -22.7098 food
555 -78.4025 -23.4741 food
556 -78.806 -23.2838 food
557 -79.4253 -21.8895 food
558 -79.3502 -22.5095 food
559 -80.6668 -22.2568 food
560 -85.7515 -32.9269 hunter
561 -79.272 -23.6169 food
562 -77.5954 -23.3062 food
563 -75.9241 -22.7459 food
564 -77.2328 -24.1482 food
565 -86.1527 -34.9923 hunter
566 -84.7044 -36.1299 hunter
567 -77.9205 -25.1773 food
568 -84.4036 -35.8868 hunter
569 -83.9691 -35.8416 hunter
570 -78.1365 -25.2442 food
571 -76.6104 -26.4173 food
572 -82.3294 -36.295 hunter
573 -77.3904 -26.0041 food
574 -78.534 -26.0087 food
575 -79.0053 -25.5023 food
576 -79.2623 -25.9733 food
577 -80.8175 -26.8992 food
578 -81.6788 -37.3931 hunter
579 -82.311 -38.6531 hunter
580 -80.3052 -25.8195 food
581 -82.8096 -39.6547 hunter
582 -80.5826 -27.5216 food
583 -83.2192 -39.3259 hunter
584 -80.9023 -27.9796 food
585 -81.417 -39.9076 hunter
586 -80.9492 -27.2114 food
587 -81.4592 -40.0633 hunter
588 -82.2319 -40.3916 hunter
589 -81.2548 -27.6588 food
590 -81.4623 -26.8225 food
591 -80.3796 -26.6764 food
592 -80.5279 -28.9396 food
593 -81.4245 -28.1144 food
594 -81.0878 -39.4812 hunter
595 -81.3438 -37.9521 hunter
596 -82.6266 -27.0433 food
597 -80.4042 -38.0865 hunter
598 -82.8982 -38.1065 hunter
599 -82.5354 -38.155 hunter
600 -84.8737 -27.4818 food
601 -84.8235 -27.3981 food
602 -81.5511 -39.2625 hunter
603 -84.2664 -27.0893 food
604 -82.0202 -39.1359 hunter
605 -83.6982 -28.0624 food
606 -84.8053 -27.7884 food
607 -86.5223 -28.8263 food
608 -84.8151 -27.4969 food
609 -83.8016 -37.6947 hunter
610 -84.8092 -26.5134 food
611 -85.0937 -27.8922 food
612 -84.8664 -38.5103 hunter
613 -85.5027 -38.7123 hunter
614 -84.9891 -28.7996 food
615 -84.7937 -26.9212 food
616 -85.871 -37.0748 hunter
617 -86.1203 -38.5858 hunter
618 -84.3302 -26.7832 food
619 -84.5422 -26.0379 food
620 -84.1628 -25.7088 food
621 -82.3391 -25.78 food
622 -82.6036 -25.8483 food
623 -86.3599 -37.5984 hunter
624 -86.3584 -37.0911 hunter
625 -83.0982 -26.924 food
626 -83.9966 -27.1979 food
627 -83.7575 -26.9173 food
628 -84.7103 -25.9859 food
629 -86.5923 -36.6541 hunter
630 -87.2772 -36.2861 hunter
631 -82.3124 -25.6954 food
632 -80.986 -26.4215 food
633 -79.0505 -25.0263 food
634 -79.2571 -26.1614 food
635 -80.9276 -25.1932 food
636 -80.0024 -24.8049 food
637 -78.7247 -23.6328 food
638 -87.5211 -37.3452 hunter
639 -88.6753 -37.8236 hunter
640 -78.8359 -23.6844 food
641 -89.0177 -38.1781 hunter
642 -89.1518 -38.8383 hunter
643 -90.7013 -37.7394 hunter
644 -89.9461 -39.6476 hunter
645 -78.1375 -23.1655 food
646 -77.7566 -23.729 food
647 -79.4842 -24.3569 food
648 -91.6644 -40.5693 hunter
649 -79.0506 -25.3958 food
650 -77.9174 -27.365 food
651 -76.2764 -28.0266 food
652 -90.1155 -41.1931 hunter
653 -74.7173 -26.6139 food
654 -75.6786 -24.699 food
655 -77.3281 -25.4791 food
656 -76.3495 -24.8308 food
657 -76.317 -22.9032 food
658 -87.932 -41.4607 hunter
659 -75.1143 -22.2076 food
660 -76.6355 -22.4237 food
661 -75.9247 -21.3287 food
662 -75.9321 -19.7588 food
663 -86.6118 -39.0442 hunter
664 -86.1892 -39.8003 hunter
665 -85.9225 -38.0001 hunter
666 -87.5031 -37.5212 hunter
667 -87.5569 -36.6727 hunter
668 -77.6538 -19.1062 food
669 -78.6612 -18.9162 food
670 -79.3093 -19.2049 food
671 -87.796 -35.2304 hunter
672 -78.6916 -18.7409 food
673 -78.9686 -18.7383 food
674 -78.6785 -18.873 food
675 -86.8305 -35.6382 hunter
676 -85.8881 -34.7434 hunter
677 -78.6513 -18.0629 food
678 -78.4439 -18.6886 food
679 -85.0951 -35.495 hunter
680 -78.3888 -18.5683 food
681 -77.5863 -20.0032 food
682 -77.2956 -21.8205 food
683 -77.2338 -20.3541 food
684 -75.6905 -18.9613 food
685 -74.3396 -17.4749 food
686 -75.1425 -17.068 food
687 -74.429 -18.2054 food
688 -72.3434 -19.3434 food
689 -72.0512 -19.0605 food
690 -71.2799 -17.8537 food
691 -70.2013 -17.7734 food
692 -68.4108 -17.5488 food
693 -68.2497 -17.5851 food
694 -68.9288 -15.8869 food
695 -83.7627 -35.4614 hunter
696 -69.0152 -15.432 food
697 -70.4125 -16.2128 food
698 -69.667 -15.2875 food
699 -83.94 -35.045 hunter
700 -70.2059 -15.7635 food
701 -70.2279 -16.5516 food
702 -82.2825 -34.1424 hunter
703 -69.5872 -16.4241 food
704 -68.3935 -15.319 food
705 -80.9544 -33.8959 hunter
706 -69.3809 -15.2226 food
707 -67.4027 -14.4388 food
708 -82.1165 -32.0468 hunter
709 -66.6977 -14.4062 food
710 -65.433 -13.8606 food
711 -80.6898 -30.755 hunter
712 -80.156 -29.2947 hunter
713 -66.9954 -13.3988 food
714 -79.3458 -29.2193 hunter
715 -79.0161 -28.3785 hunter
716 -78.5653 -28.8845 hunter
717 -67.2666 -13.1729 food
718 -67.9348 -13.1616 food
719 -68.8016 -13.8277 food
720 -79.0259 -29.0832 hunter
721 -68.0825 -13.8863 food
722 -77.6183 -27.2349 hunter
723 -67.7365 -11.2978 food
724 -78.2172 -27.1853 hunter
725 -67.7955 -11.5628 food
726 -78.3702 -25.8154 hunter
727 -68.5141 -9.824 food
728 -68.3397 -9.61212 food
729 -68.7931 -8.99109 food
730 -69.1931 -8.62855 food
731 -77.0959 -25.5731 hunter
732 -71.0017 -9.77092 food
733 -70.9984 -8.93153 food
734 -69.6459 -8.30501 food
735 -76.4917 -25.0012 hunter
736 -69.7816 -9.16365 food
737 -77.2486 -25.2312 hunter
738 -77.0459 -24.1514 hunter
739 -77.3548 -22.6849 hunter
740 -76.5383 -21.4536 hunter
741 -76.2851 -21.3471 hunter
742 -75.2419 -20.9427 hunter
743 -75.7836 -20.4447 hunter
744 -68.2877 -8.67581 food
745 -74.0087 -23.3476 hunter
746 -73.2381 -22.1337 hunter
747 -74.7683 -20.2117 hunter
748 -76.3032 -20.6722 hunter
749 -76.3795 -18.8266 hunter
750 -78.1835 -18.6802 hunter
751 -68.2187 -8.26987 food
752 -78.9555 -19.9684 hunter
753 -68.1726 -8.20363 food
754 -79.2826 -21.0467 hunter
755 -79.7163 -22.4867 hunter
756 -80.0902 -22.1445 hunter
757 -67.6254 -7.67665 food
758 -67.0758 -9.44225 food
759 -79.3858 -21.6742 hunter
760 -66.0937 -10.1165 food
761 -67.146 -10.9316 food
762 -79.648 -20.4136 hunter
763 -68.602 -10.5562 food
764 -80.9094 -21.2086 hunter
765 -81.6707 -21.4458 hunter
766 -70.5576 -10.7678 food
767 -70.4267 -9.17197 food
768 -80.8871 -21.702 hunter
769 -80.6865 -22.3273 hunter
770 -69.6905 -10.1585 food
771 -68.3883 -10.0156 food
772 -67.5636 -11.3303 food
773 -82.0931 -23.1112 hunter
774 -66.2331 -10.1334 food
775 -65.5914 -10.4426 food
776 -81.8753 -25.1638 hunter
777 -66.4219 -10.7756 food
778 -65.2375 -10.2031 food
779 -78.9108 -24.1637 hunter
780 -65.7788 -10.2309 food
781 -78.8678 -24.2197 hunter
782 -65.3538 -7.71992 food
783 -64.2547 -7.2877 food
784 -77.5212 -23.8492 hunter
785 -62.3792 -9.07292 food
786 -61.0146 -9.28486 food
787 -61.4918 -7.82956 food
788 -60.0765 -8.62266 food
789 -76.1039 -23.002 hunter
790 -60.4005 -9.02177 food
791 -75.0752 -23.8858 hunter
792 -60.4964 -9.36615 food
793 -59.6307 -10.9687 food
794 -74.5161 -23.8466 hunter
795 -72.9414 -23.245 hunter
796 -58.8848 -9.89176 food
797 -57.127 -9.60563 food
798 -71.2047 -22.1861 hunter
799 -56.7881 -10.8884 food
800 -71.5078 -20.8589 hunter
801 -57.2791 -10.5123 food
802 -73.2946 -20.3816 hunter
803 -57.2264 -10.9624 food
804 -58.4415 -12.1887 food
805 -56.0211 -11.859 food
806 -71.4505 -20.8606 hunter
807 -57.0172 -13.6239 food
808 -72.0346 -20.4422 hunter
809 -69.8132 -22.2817 hunter
810 -69.1408 -21.9098 hunter
811 -68.8808 -21.214 hunter
812 -58.7249 -12.1458 food
813 -59.7434 -12.0025 food
814 -68.3716 -22.5049 hunter
815 -59.4643 -12.6048 food
816 -59.0021 -11.7574 food
817 -67.4853 -22.4952 hunter
818 -68.8561 -22.5528 hunter
819 -58.2209 -9.85496 food
820 -58.9784 -9.76425 food
821 -68.0558 -24.0003 hunter
822 -58.5185 -8.83406 food
823 -59.8551 -9.18513 food
824 -60.0756 -10.2429 food
825 -66.1752 -24.6667 hunter
826 -66.0733 -23.4126 hunter
827 -66.7351 -22.8983 hunter
828 -59.6791 -10.2848 food
829 -67.6966 -22.3252 hunter
830 -67.4476 -22.9232 hunter
831 -61.586 -10.8764 food
832 -62.1004 -10.2436 food
833 -61.939 -12.189 food
834 -69.0505 -23.2177 hunter
835 -60.1558 -11.927 food
836 -59.702 -13.0143 food
837 -67.9249 -23.4779 hunter
838 -59.0222 -12.9661 food
839 -61.0511 -11.2728 food
840 -67.1418 -23.633 hunter
841 -62.3582 -9.79548 food
842 -66.4086 -24.1122 hunter
843 -67.0875 -25.2351 hunter
844 -62.3428 -9.47384 food
845 -62.2133 -9.77489 food
846 -62.0865 -9.87187 food
847 -60.5141 -9.76106 food
848 -60.2306 -9.71418 food
849 -60.5145 -9.27747 food
850 -66.3019 -26.1154 hunter
851 -60.4189 -8.78318 food
852 -61.1119 -6.57076 food
853 -61.0413 -5.73611 food
854 -61.1187 -6.16946 food
855 -61.2495 -6.7087 food
856 -61.9146 -6.36247 food
857 -61.0333 -6.34077 food
858 -66.8472 -23.8147 hunter
859 -60.1681 -4.61545 food
860 -67.8549 -23.0752 hunter
861 -61.3857 -4.28462 food
862 -66.5736 -21.807 hunter
863 -67.0404 -20.8949 hunter
864 -67.9027 -21.7133 hunter
865 -60.6205 -3.88983 food
866 -68.5242 -21.1936 hunter
867 -68.4463 -20.6433 hunter
868 -68.6927 -21.026 hunter
869 -68.0148 -20.034 hunter
870 -67.6303 -21.943 hunter
871 -67.5338 -21.7762 hunter
872 -60.8713 -4.90767 food
873 -61.4497 -3.09367 food
874 -66.4405 -22.544 hunter
875 -62.5445 -3.32707 food
876 -64.2098 -21.5459 hunter
877 -63.4387 -21.8595 hunter
878 -62.5691 -21.9412 hunter
879 -64.0989 -3.8068 food
880 -63.0672 -4.73084 food
881 -63.0016 -3.96893 food
882 -62.9912 -19.326 hunter
883 -63.728 -3.81985 food
884 -63.3741 -4.38569 food
885 -63.4068 -3.38158 food
886 -64.0155 -3.00795 food
887 -65.5771 -2.98727 food
888 -63.5338 -18.862 hunter
889 -65.8015 -4.38843 food
890 -64.3188 -19.2048 hunter
891 -64.0177 -17.3449 hunter
892 -65.555 -3.04045 food
893 -64.8098 -17.1114 hunter
894 -65.288 -18.2512 hunter
895 -63.5589 -17.4834 hunter
896 -66.1255 -3.78688 food
897 -67.6613 -1.55612 food
898 -63.4914 -18.1461 hunter
899 -67.9109 -2.49088 food
900 -68.4636 -2.14172 food
901 -68.7776 -2.49668 food
902 -69.542 -0.976904 food
903 -63.7644 -17.8883 hunter
904 -71.536 -0.909648 food
905 -72.6818 0.188968 food
906 -71.6567 -0.409508 food
907 -70.9496 -0.379628 food
908 -70.6844 -0.31981 food
909 -70.857 -1.35662 food
910 -63.9642 -17.3384 hunter
911 -65.8615 -16.1634 hunter
912 -67.4746 -16.4147 hunter
913 -70.9431 -0.576497 food
914 -70.9183 0.26325 food
915 -71.8941 -0.0420911 food
916 -67.6097 -17.4234 hunter
917 -71.7737 0.0160929 food
918 -69.1272 -16.7309 hunter
919 -71.2866 1.86315 food
920 -72.3838 1.28189 food
921 -72.2206 3.09926 food
922 -71.5478 2.15359 food
923 -73.0862 -17.2368 hunter
924 -73.0506 3.1063 food
925 -73.7996 2.80521 food
926 -75.5821 2.73444 food
927 -73.925 -16.3353 hunter
928 -75.7527 0.97232 food
929 -73.8537 -16.8561 hunter
930 -73.954 -17.3791 hunter
931 -75.3906 2.04074 food
932 -75.3602 2.04636 food
933 -74.4144 -16.4117 hunter
934 -74.4278 -14.9798 hunter
935 -75.1088 1.62587 food
936 -74.7047 -15.0135 hunter
937 -75.287 2.15587 food
938 -76.722 2.50893 food
939 -73.4501 -14.3645 hunter
940 -77.32 2.01787 food
941 -74.1574 -13.6024 hunter
942 -78.3679 2.06175 food
943 -78.4388 1.81954 food
944 -77.0704 1.20513 food
945 -77.2768 2.02783 food
946 -73.7615 -12.5618 hunter
947 -73.2919 -12.5926 hunter
948 -76.3008 0.796556 food
949 -74.3567 -12.7023 hunter
950 -75.7549 0.18447 food
951 -77.2167 0.159412 food
952 -78.7138 0.928599 food
953 -78.1063 1.09809 food
954 -76.0113 1.29747 food
955 -76.8001 1.00438 food
956 -76.4346 0.696672 food
957 -76.2683 0.440678 food
958 -72.5061 -12.5318 hunter
959 -73.1945 -12.5831 hunter
960 -77.1321 0.212358 food
961 -78.4716 -0.471659 food
962 -78.4908 -1.06609 food
963 -79.1646 -0.500987 food
964 -79.747 -0.743761 food
965 -75.7811 -11.8978 hunter
966 -76.9208 -13.0387 hunter
967 -80.7336 -1.0801 food
968 -75.6257 -11.2985 hunter
969 -75.1254 -11.1781 hunter
970 -80.624 -0.620265 food
971 -74.7151 -9.23085 hunter
972 -74.3251 -9.31349 hunter
973 -75.7435 -10.3337 hunter
974 -77.4005 -10.4646 hunter
975 -76.7622 -10.0391 hunter
976 -74.4044 -10.8144 hunter
977 -78.9944 -1.41725 food
978 -74.4206 -9.09741 hunter
979 -73.6146 -8.98602 hunter
980 -74.8697 -9.94151 hunter
981 -79.6516 -1.4711 food
982 -73.9125 -8.57054 hunter
983 -80.0666 -1.76324 food
984 -80.353 -1.42702 food
985 -73.9627 -10.2681 hunter
986 -73.3801 -9.9037 hunter
987 -80.2821 -0.599425 food
988 -81.3819 1.23032 food
989 -82.2356 2.71565 food
990 -83.6615 3.28168 food
991 -83.6836 4.33 food
992 -75.9256 -7.12124 hunter
993 -85.1446 5.21707 food
994 -87.2542 5.42029 food
995 -86.1127 5.89905 food
996 -76.2167 -8.4917 hunter
997 -84.7429 5.71407 food
998 -84.1793 6.35943 food
999 -75.4824 -7.86119 hunter
1000 -83.7685 6.5965 food
1001 -84.3513 4.84527 food
1002 -76.5602 -8.24683 hunter
1003 -85.4255 4.55513 food
1004 -75.4222 -6.88073 hunter
1005 -74.8339 -6.0039 hunter
1006 -75.3654 -5.39764 hunter
1007 -75.9492 -5.06738 hunter
1008 -85.1075 1.46455 food
1009 -84.764 -0.936725 food
1010 -76.4336 -4.21612 hunter
1011 -84.3201 -1.88943 food
1012 -75.4792 -4.26031 hunter
1013 -82.4808 -1.02887 food
1014 -82.8495 0.166692 food
1015 -73.6026 -3.68516 hunter
1016 -73.8875 -4.39849 hunter
1017 -73.6393 -4.6026 hunter
1018 -72.5843 -4.23912 hunter
1019 -82.7429 -1.6278 food
1020 -73.7437 -5.12074 hunter
1021 -82.0375 -1.7993 food
1022 -80.5544 -0.840128 food
1023 -80.3737 -0.883564 food
1024 -73.1079 -3.6137 hunter
1025 -81.997 -0.452798 food
1026 -81.2501 -1.09906 food
1027 -81.4202 -1.59311 food
1028 -80.9019 -2.17532 food
1029 -73.887 -3.02769 hunter
1030 -79.9074 -2.94374 food
1031 -78.7437 -2.55266 food
1032 -73.586 -3.01369 hunter
1033 -77.2504 -1.16646 food
1034 -72.4821 -3.08524 hunter
1035 -77.1452 -2.34157 food
1036 -77.5294 -2.72201 food
1037 -78.8712 -1.84761 food
1038 -77.865 -2.70286 food
1039 -76.8603 -3.99888 food
1040 -72.3188 -4.17592 hunter
1041 -72.7682 -3.14259 hunter
1042 -75.2865 -5.1002 food
1043 -73.9119 -3.75238 food
1044 -73.062 -2.75245 food
